pcall(function() 
child1 = Instance.new('Model',Workspace)
child1.Name = 'Sail Boat'
child2 = Instance.new('Model',child1)
child2.Name = 'Sail'
child3 = Instance.new('Part',child2)
child3.Name = 'Base'
child3.BrickColor = BrickColor.new('Dark orange')
child3.Material = 'Plastic'
child3.Transparency = 0
child3.Anchored = true
child3.CanCollide = false
child3.FormFactor = 'Plate'
child3.Shape = 'Block'
child3.BottomSurface = 'Smooth'
child3.TopSurface = 'Smooth'
child3.Size = Vector3.new(1, 12.4000006, 1)
child3.CFrame = CFrame.new(0.848007083, 10.6219568, 29.2439499, -0.980233431, 0.197798029, 0.00428125588, 0.184104368, 0.919867635, -0.346336633, -0.0724428818, -0.33870253, -0.938100517)
child4 = Instance.new('CylinderMesh',child3)
child4.Name = 'Mesh'
child4.Offset = Vector3.new(0, 0, 0)
child4.Scale = Vector3.new(1, 1, 0.200000003)
child5 = Instance.new('Fire',child3)
child5.Name = 'GoodFire'
child6 = Instance.new('Part',child2)
child6.Name = 'Base'
child6.BrickColor = BrickColor.new('Dark orange')
child6.Material = 'Plastic'
child6.Transparency = 0
child6.Anchored = true
child6.CanCollide = false
child6.FormFactor = 'Plate'
child6.Shape = 'Block'
child6.BottomSurface = 'Smooth'
child6.TopSurface = 'Smooth'
child6.Size = Vector3.new(1, 8, 1)
child6.CFrame = CFrame.new(1.05700672, 36.980175, 32.2549591, -0.999920905, 0.00321735558, 0.0121585168, 0.0121387467, 0.499853283, 0.866025031, -0.00329116383, 0.866104126, -0.499852806)
child7 = Instance.new('CylinderMesh',child6)
child7.Name = 'Mesh'
child7.Offset = Vector3.new(0, 0, 0)
child7.Scale = Vector3.new(1, 1, 0.200000003)
child8 = Instance.new('Fire',child6)
child8.Name = 'GoodFire'
child9 = Instance.new('Part',child2)
child9.Name = 'Base'
child9.BrickColor = BrickColor.new('Reddish brown')
child9.Material = 'Plastic'
child9.Transparency = 0
child9.Anchored = true
child9.CanCollide = true
child9.FormFactor = 'Plate'
child9.Shape = 'Block'
child9.BottomSurface = 'Smooth'
child9.TopSurface = 'Smooth'
child9.Size = Vector3.new(1, 14, 1)
child9.CFrame = CFrame.new(1.04901111, 34.7801743, 35.9760323, 1, -2.58703894e-05, 1.32677087e-08, 1.25801307e-08, -2.65658382e-05, -1, 2.58693472e-05, 0.99999994, -2.65658364e-05)
child10 = Instance.new('CylinderMesh',child9)
child10.Name = 'Mesh'
child10.Offset = Vector3.new(0, 0, 0)
child10.Scale = Vector3.new(1, 1.10000002, 1)
child11 = Instance.new('Fire',child9)
child11.Name = 'GoodFire'
child12 = Instance.new('Part',child2)
child12.Name = 'Base'
child12.BrickColor = BrickColor.new('Reddish brown')
child12.Material = 'Plastic'
child12.Transparency = 0
child12.Anchored = true
child12.CanCollide = true
child12.FormFactor = 'Plate'
child12.Shape = 'Block'
child12.BottomSurface = 'Smooth'
child12.TopSurface = 'Smooth'
child12.Size = Vector3.new(2, 35.2000008, 2)
child12.CFrame = CFrame.new(0.549011111, 22.8799953, 35.9760323, 1.00000799, -3.03607067e-05, -4.96408247e-05, 3.03612451e-05, 1, 1.30115386e-05, 4.96413413e-05, -1.30132885e-05, 1.00000799)
child13 = Instance.new('CylinderMesh',child12)
child13.Name = 'Mesh'
child13.Offset = Vector3.new(0, 0, 0)
child13.Scale = Vector3.new(1, 1.10000002, 1)
child14 = Instance.new('Fire',child12)
child14.Name = 'GoodFire'
child15 = Instance.new('Part',child2)
child15.Name = 'Part'
child15.BrickColor = BrickColor.new('Reddish brown')
child15.Material = 'Plastic'
child15.Transparency = 0
child15.Anchored = true
child15.CanCollide = true
child15.FormFactor = 'Custom'
child15.Shape = 'Block'
child15.BottomSurface = 'Smooth'
child15.TopSurface = 'Smooth'
child15.Size = Vector3.new(2, 1.20000005, 2)
child15.CFrame = CFrame.new(0.549011111, 42.4891777, 35.9760323, 1.00000799, -3.03607067e-05, -4.96408247e-05, 3.03612451e-05, 1, 1.30115386e-05, 4.96413413e-05, -1.30132885e-05, 1.00000799)
child16 = Instance.new('SpecialMesh',child15)
child16.Name = 'Mesh'
child16.MeshId = ''
child16.MeshType = 'Head'
child16.TextureId = ''
child16.Offset = Vector3.new(0, 0, 0)
child16.Scale = Vector3.new(1, 1, 1)
child17 = Instance.new('Model',child2)
child17.Name = 'Model'
child18 = Instance.new('Part',child17)
child18.Name = 'Base'
child18.BrickColor = BrickColor.new('Brick yellow')
child18.Material = 'Concrete'
child18.Transparency = 0
child18.Anchored = true
child18.CanCollide = true
child18.FormFactor = 'Plate'
child18.Shape = 'Block'
child18.BottomSurface = 'Smooth'
child18.TopSurface = 'Smooth'
child18.Size = Vector3.new(4, 0.400000006, 14)
child18.CFrame = CFrame.new(1.8410033, 32.634182, 35.9570351, -0.325595021, 0.945509255, 5.38158929e-05, 0.945507824, 0.325594634, -0.00172996637, -0.00165322144, -0.000512384926, -0.99999845)
child19 = Instance.new('WedgePart',child17)
child19.Name = 'Part'
child19.BrickColor = BrickColor.new('Brick yellow')
child19.Material = 'Concrete'
child19.Transparency = 0
child19.Anchored = true
child19.CanCollide = true
child19.FormFactor = 'Custom'
child19.BottomSurface = 'Smooth'
child19.TopSurface = 'Smooth'
child19.Size = Vector3.new(0.400000036, 8.62771606, 1)
child19.CFrame = CFrame.new(2.82701111, 26.0029964, 28.4649487, 0.997563839, -0.0697600693, -0.00010437773, 0.0697601363, 0.997562408, 0.00168057194, -1.31123015e-05, -0.00168375915, 0.99999851)
child20 = Instance.new('SpecialMesh',child19)
child20.Name = 'Mesh'
child20.MeshId = ''
child20.MeshType = 'Wedge'
child20.TextureId = ''
child20.Offset = Vector3.new(0, 0, 0)
child20.Scale = Vector3.new(1, 1, 1)
child21 = Instance.new('Part',child17)
child21.Name = 'Base'
child21.BrickColor = BrickColor.new('Brick yellow')
child21.Material = 'Concrete'
child21.Transparency = 0
child21.Anchored = true
child21.CanCollide = true
child21.FormFactor = 'Plate'
child21.Shape = 'Block'
child21.BottomSurface = 'Smooth'
child21.TopSurface = 'Smooth'
child21.Size = Vector3.new(9, 0.400000006, 14)
child21.CFrame = CFrame.new(2.79800415, 26.4249954, 35.9650307, -0.0697376132, 0.997565448, 1.72488508e-05, 0.997563839, 0.0697375387, -0.00174313609, -0.00174009521, -0.000104354658, -0.999998391)
child22 = Instance.new('WedgePart',child17)
child22.Name = 'Part'
child22.BrickColor = BrickColor.new('Brick yellow')
child22.Material = 'Concrete'
child22.Transparency = 0
child22.Anchored = true
child22.CanCollide = true
child22.FormFactor = 'Custom'
child22.BottomSurface = 'Smooth'
child22.TopSurface = 'Smooth'
child22.Size = Vector3.new(0.400000036, 8.49293518, 1)
child22.CFrame = CFrame.new(2.81300354, 26.2209969, 43.4740334, -0.99756074, -0.0698051304, 6.43724197e-05, -0.0698051453, 0.997559369, -0.00163909968, 5.02036601e-05, -0.00163959491, -0.999998629)
child23 = Instance.new('SpecialMesh',child22)
child23.Name = 'Mesh'
child23.MeshId = ''
child23.MeshType = 'Wedge'
child23.TextureId = ''
child23.Offset = Vector3.new(0, 0, 0)
child23.Scale = Vector3.new(1, 1, 1)
child24 = Instance.new('WedgePart',child17)
child24.Name = 'Part'
child24.BrickColor = BrickColor.new('Brick yellow')
child24.Material = 'Concrete'
child24.Transparency = 0
child24.Anchored = true
child24.CanCollide = true
child24.FormFactor = 'Custom'
child24.BottomSurface = 'Smooth'
child24.TopSurface = 'Smooth'
child24.Size = Vector3.new(0.400000036, 5.66927814, 1)
child24.CFrame = CFrame.new(2.47201538, 18.8349895, 44.4380302, -0.981638551, 0.190750927, 5.07478871e-05, 0.190750584, 0.98163718, -0.00166225235, -0.000366892113, -0.00162205077, -0.99999851)
child25 = Instance.new('SpecialMesh',child24)
child25.Name = 'Mesh'
child25.MeshId = ''
child25.MeshType = 'Wedge'
child25.TextureId = ''
child25.Offset = Vector3.new(0, 0, 0)
child25.Scale = Vector3.new(1, 1, 1)
child26 = Instance.new('Part',child17)
child26.Name = 'Base'
child26.BrickColor = BrickColor.new('Brick yellow')
child26.Material = 'Concrete'
child26.Transparency = 0
child26.Anchored = true
child26.CanCollide = true
child26.FormFactor = 'Plate'
child26.Shape = 'Block'
child26.BottomSurface = 'Smooth'
child26.TopSurface = 'Smooth'
child26.Size = Vector3.new(6, 0.400000006, 16)
child26.CFrame = CFrame.new(2.51701355, 18.98699, 35.9480324, 0.190796703, 0.98162961, 4.19941607e-05, 0.981628299, -0.190796375, -0.00162475975, -0.00158690009, 0.000351222174, -0.999998629)
child27 = Instance.new('WedgePart',child17)
child27.Name = 'Part'
child27.BrickColor = BrickColor.new('Brick yellow')
child27.Material = 'Concrete'
child27.Transparency = 0
child27.Anchored = true
child27.CanCollide = true
child27.FormFactor = 'Custom'
child27.BottomSurface = 'Smooth'
child27.TopSurface = 'Smooth'
child27.Size = Vector3.new(0.400000036, 5.68686342, 1)
child27.CFrame = CFrame.new(2.48701477, 18.8199902, 27.4479523, 0.981630981, 0.19078961, -8.70019721e-05, -0.190789193, 0.98162955, 0.00170831918, 0.000411335524, -0.00166034, 0.99999851)
child28 = Instance.new('SpecialMesh',child27)
child28.Name = 'Mesh'
child28.MeshId = ''
child28.MeshType = 'Wedge'
child28.TextureId = ''
child28.Offset = Vector3.new(0, 0, 0)
child28.Scale = Vector3.new(1, 1, 1)
child29 = Instance.new('Part',child2)
child29.Name = 'Part'
child29.BrickColor = BrickColor.new('Brown')
child29.Material = 'Plastic'
child29.Transparency = 0
child29.Anchored = true
child29.CanCollide = true
child29.FormFactor = 'Custom'
child29.Shape = 'Block'
child29.BottomSurface = 'Smooth'
child29.TopSurface = 'Smooth'
child29.Size = Vector3.new(4, 6.28683758, 4)
child29.CFrame = CFrame.new(0.549011111, 7.15600491, 36.0730324, 1.00000799, -3.03607067e-05, -4.96408247e-05, 3.03612451e-05, 1, 1.30115386e-05, 4.96413413e-05, -1.30132885e-05, 1.00000799)
child30 = Instance.new('SpecialMesh',child29)
child30.Name = 'Mesh'
child30.MeshId = ''
child30.MeshType = 'Head'
child30.TextureId = ''
child30.Offset = Vector3.new(0, 0, 0)
child30.Scale = Vector3.new(1, 1, 1)
child31 = Instance.new('Part',child2)
child31.Name = 'Base'
child31.BrickColor = BrickColor.new('Dark orange')
child31.Material = 'Plastic'
child31.Transparency = 0
child31.Anchored = true
child31.CanCollide = false
child31.FormFactor = 'Plate'
child31.Shape = 'Block'
child31.BottomSurface = 'Smooth'
child31.TopSurface = 'Smooth'
child31.Size = Vector3.new(1, 8.40000057, 1)
child31.CFrame = CFrame.new(1.03401172, 36.9461746, 39.8100319, 0.999919355, 0.00332666165, 0.0122532602, 0.012275123, -0.499937803, -0.865974307, 0.00324506522, 0.866054893, -0.499938279)
child32 = Instance.new('CylinderMesh',child31)
child32.Name = 'Mesh'
child32.Offset = Vector3.new(0, 0, 0)
child32.Scale = Vector3.new(1, 1, 0.200000003)
child33 = Instance.new('Fire',child31)
child33.Name = 'GoodFire'
child34 = Instance.new('Part',child2)
child34.Name = 'Base'
child34.BrickColor = BrickColor.new('Dark orange')
child34.Material = 'Plastic'
child34.Transparency = 0
child34.Anchored = true
child34.CanCollide = false
child34.FormFactor = 'Plate'
child34.Shape = 'Block'
child34.BottomSurface = 'Smooth'
child34.TopSurface = 'Smooth'
child34.Size = Vector3.new(1, 12, 1)
child34.CFrame = CFrame.new(1.01701343, 11.0029573, 42.7420311, -0.978318036, 0.162562639, 0.128324136, 0.195824727, 0.927783191, 0.317601949, -0.0674267635, 0.335844755, -0.939500868)
child35 = Instance.new('CylinderMesh',child34)
child35.Name = 'Mesh'
child35.Offset = Vector3.new(0, 0, 0)
child35.Scale = Vector3.new(1, 1, 0.200000003)
child36 = Instance.new('Fire',child34)
child36.Name = 'GoodFire'
child37 = Instance.new('Model',child2)
child37.Name = 'Boat'
child38 = Instance.new('Part',child37)
child38.Name = 'Base'
child38.BrickColor = BrickColor.new('Brown')
child38.Material = 'Plastic'
child38.Transparency = 0
child38.Anchored = true
child38.CanCollide = true
child38.FormFactor = 'Plate'
child38.Shape = 'Block'
child38.BottomSurface = 'Smooth'
child38.TopSurface = 'Smooth'
child38.Size = Vector3.new(1, 1.20000005, 7)
child38.CFrame = CFrame.new(-2.95098734, 8.37996101, 42.5730324, 0, 0, -1, 0, 1, 0, 1, 0, 0)
child39 = Instance.new('SpecialMesh',child38)
child39.Name = 'Mesh'
child39.MeshId = ''
child39.MeshType = 'Wedge'
child39.TextureId = ''
child39.Offset = Vector3.new(0, 0, 0)
child39.Scale = Vector3.new(1, 1, 1)
child40 = Instance.new('Part',child37)
child40.Name = 'Base'
child40.BrickColor = BrickColor.new('Brown')
child40.Material = 'Plastic'
child40.Transparency = 0
child40.Anchored = true
child40.CanCollide = true
child40.FormFactor = 'Plate'
child40.Shape = 'Block'
child40.BottomSurface = 'Smooth'
child40.TopSurface = 'Smooth'
child40.Size = Vector3.new(1, 0.800000012, 6)
child40.CFrame = CFrame.new(-8.97799587, 9.36795807, 41.8140335, -0.258763105, 0.00452902634, -0.965930223, 0.0174528155, 0.99984771, 1.26219111e-05, 0.965783179, -0.0168549344, -0.258802712)
child41 = Instance.new('SpecialMesh',child40)
child41.Name = 'Mesh'
child41.MeshId = ''
child41.MeshType = 'Wedge'
child41.TextureId = ''
child41.Offset = Vector3.new(0, 0, 0)
child41.Scale = Vector3.new(1, 1, 1)
child42 = Instance.new('Part',child37)
child42.Name = 'Base'
child42.BrickColor = BrickColor.new('Reddish brown')
child42.Material = 'Plastic'
child42.Transparency = 0
child42.Anchored = true
child42.CanCollide = true
child42.FormFactor = 'Plate'
child42.Shape = 'Block'
child42.BottomSurface = 'Smooth'
child42.TopSurface = 'Smooth'
child42.Size = Vector3.new(2, 0.400000006, 26)
child42.CFrame = CFrame.new(4.55101013, 3.7980113, 41.6370316, 1.22140973e-05, -6.63625178e-05, 1, -0.707122982, 0.707087934, 5.54506878e-05, -0.707087934, -0.707123041, -3.82449507e-05)
child43 = Instance.new('Part',child37)
child43.Name = 'Base'
child43.BrickColor = BrickColor.new('Brown')
child43.Material = 'Plastic'
child43.Transparency = 0
child43.Anchored = true
child43.CanCollide = true
child43.FormFactor = 'Plate'
child43.Shape = 'Block'
child43.BottomSurface = 'Smooth'
child43.TopSurface = 'Smooth'
child43.Size = Vector3.new(1, 3.60000014, 23)
child43.CFrame = CFrame.new(5.04800367, 5.98000431, 42.5730324, 6.08907794e-05, 6.10307397e-05, 1, 7.46867954e-07, -1, 6.10306888e-05, 0.99999994, 7.4314994e-07, -6.08889604e-05)
child44 = Instance.new('Part',child37)
child44.Name = 'Base'
child44.BrickColor = BrickColor.new('Brown')
child44.Material = 'Plastic'
child44.Transparency = 0
child44.Anchored = true
child44.CanCollide = true
child44.FormFactor = 'Plate'
child44.Shape = 'Block'
child44.BottomSurface = 'Smooth'
child44.TopSurface = 'Smooth'
child44.Size = Vector3.new(1, 4.80000019, 6)
child44.CFrame = CFrame.new(-8.98998928, 6.56900501, 41.8610306, 0.258787066, -0.00446036691, -0.965924084, -0.0173867326, -0.999848843, -4.1171872e-05, -0.965777934, 0.0168049186, -0.258825481)
child45 = Instance.new('Part',child37)
child45.Name = 'Base'
child45.BrickColor = BrickColor.new('Reddish brown')
child45.Material = 'Plastic'
child45.Transparency = 0
child45.Anchored = true
child45.CanCollide = true
child45.FormFactor = 'Plate'
child45.Shape = 'Block'
child45.BottomSurface = 'Smooth'
child45.TopSurface = 'Smooth'
child45.Size = Vector3.new(2, 0.400000006, 24)
child45.CFrame = CFrame.new(4.54901123, 2.59801054, 40.0050316, 5.4751752e-05, -8.58929488e-05, 0.99999994, -0.499989033, 0.866031349, 0.000101727754, -0.866031289, -0.499988973, 4.48179662e-06)
child46 = Instance.new('Part',child37)
child46.Name = 'Base'
child46.BrickColor = BrickColor.new('Reddish brown')
child46.Material = 'Plastic'
child46.Transparency = 0
child46.Anchored = true
child46.CanCollide = true
child46.FormFactor = 'Plate'
child46.Shape = 'Block'
child46.BottomSurface = 'Smooth'
child46.TopSurface = 'Smooth'
child46.Size = Vector3.new(1, 0.400000006, 7)
child46.CFrame = CFrame.new(-9.74198818, 3.23701072, 40.2110329, 0.183067486, -0.18296054, -0.965923727, -0.707038641, -0.70717299, -5.26482727e-05, -0.683068275, 0.68295604, -0.258820862)
child47 = Instance.new('Part',child37)
child47.Name = 'Base'
child47.BrickColor = BrickColor.new('Reddish brown')
child47.Material = 'Plastic'
child47.Transparency = 0
child47.Anchored = true
child47.CanCollide = true
child47.FormFactor = 'Plate'
child47.Shape = 'Block'
child47.BottomSurface = 'Smooth'
child47.TopSurface = 'Smooth'
child47.Size = Vector3.new(2, 0.400000006, 7)
child47.CFrame = CFrame.new(-9.90699673, 3.80801153, 40.8260307, 0.183058828, 0.182967186, 0.965925753, -0.707078815, 0.707134724, 5.64926522e-05, -0.683029354, -0.682995915, 0.258819461)
child48 = Instance.new('Part',child37)
child48.Name = 'Base'
child48.BrickColor = BrickColor.new('Reddish brown')
child48.Material = 'Plastic'
child48.Transparency = 0
child48.Anchored = true
child48.CanCollide = true
child48.FormFactor = 'Plate'
child48.Shape = 'Block'
child48.BottomSurface = 'Smooth'
child48.TopSurface = 'Smooth'
child48.Size = Vector3.new(2, 0.400000006, 22)
child48.CFrame = CFrame.new(4.54901123, 1.78000247, 38.0730324, -1.54623667e-05, -5.42560374e-05, 1, -0.258836627, 0.965920806, 4.8350008e-05, -0.965920746, -0.258836597, -2.8971057e-05)
child49 = Instance.new('Part',child37)
child49.Name = 'Base'
child49.BrickColor = BrickColor.new('Reddish brown')
child49.Material = 'Plastic'
child49.Transparency = 0
child49.Anchored = true
child49.CanCollide = true
child49.FormFactor = 'Plate'
child49.Shape = 'Block'
child49.BottomSurface = 'Smooth'
child49.TopSurface = 'Smooth'
child49.Size = Vector3.new(2, 0.400000006, 7)
child49.CFrame = CFrame.new(-8.87098598, 2.60801053, 39.3000336, -0.224156156, 0.129389435, -0.965925694, 0.499972343, 0.866041362, -1.58215425e-05, 0.836529434, -0.482939661, -0.25881964)
child50 = Instance.new('Part',child37)
child50.Name = 'Base'
child50.BrickColor = BrickColor.new('Brown')
child50.Material = 'Plastic'
child50.Transparency = 0
child50.Anchored = true
child50.CanCollide = true
child50.FormFactor = 'Plate'
child50.Shape = 'Block'
child50.BottomSurface = 'Smooth'
child50.TopSurface = 'Smooth'
child50.Size = Vector3.new(1, 5.5999999, 10)
child50.CFrame = CFrame.new(-16.1559906, 6.95200539, 38.6680336, 0.500014186, 6.85235136e-05, -0.866017222, 7.86586897e-05, -1, -3.37095516e-05, -0.866017222, -5.12645274e-05, -0.500014126)
child51 = Instance.new('Part',child37)
child51.Name = 'Base'
child51.BrickColor = BrickColor.new('Brown')
child51.Material = 'Plastic'
child51.Transparency = 0
child51.Anchored = true
child51.CanCollide = true
child51.FormFactor = 'Plate'
child51.Shape = 'Block'
child51.BottomSurface = 'Smooth'
child51.TopSurface = 'Smooth'
child51.Size = Vector3.new(1, 0.800000012, 7)
child51.CFrame = CFrame.new(13.0490122, 8.17996216, 42.5730324, -5.52251606e-07, -6.10305215e-05, 0.99999994, -7.44830686e-07, 1, 6.1030496e-05, -0.999999881, -7.4476884e-07, -5.50434379e-07)
child52 = Instance.new('SpecialMesh',child51)
child52.Name = 'Mesh'
child52.MeshId = ''
child52.MeshType = 'Wedge'
child52.TextureId = ''
child52.Offset = Vector3.new(0, 0, 0)
child52.Scale = Vector3.new(1, 1, 1)
child53 = Instance.new('Part',child37)
child53.Name = 'Base'
child53.BrickColor = BrickColor.new('Reddish brown')
child53.Material = 'Plastic'
child53.Transparency = 0
child53.Anchored = true
child53.CanCollide = true
child53.FormFactor = 'Plate'
child53.Shape = 'Block'
child53.BottomSurface = 'Smooth'
child53.TopSurface = 'Smooth'
child53.Size = Vector3.new(1, 0.400000006, 9)
child53.CFrame = CFrame.new(-9.53199673, 2.0040102, 37.8970299, 0.224182457, -0.129327893, -0.96593672, -0.499926984, -0.866076887, -6.9964095e-05, -0.836550415, 0.482909173, -0.258811831)
child54 = Instance.new('Part',child37)
child54.Name = 'Base'
child54.BrickColor = BrickColor.new('Reddish brown')
child54.Material = 'Plastic'
child54.Transparency = 0
child54.Anchored = true
child54.CanCollide = true
child54.FormFactor = 'Plate'
child54.Shape = 'Block'
child54.BottomSurface = 'Smooth'
child54.TopSurface = 'Smooth'
child54.Size = Vector3.new(2, 0.400000006, 7)
child54.CFrame = CFrame.new(-15.54599, 3.80801153, 38.61203, -0.353553176, -0.353456259, 0.866065145, 0.70707345, -0.707140088, 5.18837987e-05, 0.612411022, 0.612389982, 0.499931186)
child55 = Instance.new('Part',child37)
child55.Name = 'Base'
child55.BrickColor = BrickColor.new('Reddish brown')
child55.Material = 'Plastic'
child55.Transparency = 0
child55.Anchored = true
child55.CanCollide = true
child55.FormFactor = 'Plate'
child55.Shape = 'Block'
child55.BottomSurface = 'Smooth'
child55.TopSurface = 'Smooth'
child55.Size = Vector3.new(1, 0.400000006, 6)
child55.CFrame = CFrame.new(-15.6599884, 3.23701072, 37.8110313, 0.353623509, -0.353473961, -0.866029263, -0.707045436, -0.707168102, -7.20191238e-05, -0.612402797, 0.612347424, -0.499993384)
child56 = Instance.new('Part',child37)
child56.Name = 'Base'
child56.BrickColor = BrickColor.new('Reddish brown')
child56.Material = 'Plastic'
child56.Transparency = 0
child56.Anchored = true
child56.CanCollide = true
child56.FormFactor = 'Plate'
child56.Shape = 'Block'
child56.BottomSurface = 'Smooth'
child56.TopSurface = 'Smooth'
child56.Size = Vector3.new(2, 0.400000006, 5)
child56.CFrame = CFrame.new(-13.6419821, 2.60801053, 37.5850334, -0.432970852, -0.249933943, 0.866065383, 0.49997434, -0.86604023, 2.47968273e-05, 0.750041246, 0.433021188, 0.49993071)
child57 = Instance.new('Part',child37)
child57.Name = 'Baseplate'
child57.BrickColor = BrickColor.new('Brown')
child57.Material = 'Wood'
child57.Transparency = 0
child57.Anchored = true
child57.CanCollide = true
child57.FormFactor = 'Brick'
child57.Shape = 'Block'
child57.BottomSurface = 'Smooth'
child57.TopSurface = 'Smooth'
child57.Size = Vector3.new(12, 1.20000005, 27)
child57.CFrame = CFrame.new(5.04901075, 4.68001032, 36.0730324, -5.52251606e-07, -6.10305215e-05, 0.99999994, -7.44830686e-07, 1, 6.1030496e-05, -0.999999881, -7.4476884e-07, -5.50434379e-07)
child58 = Instance.new('Part',child37)
child58.Name = 'Base'
child58.BrickColor = BrickColor.new('Brown')
child58.Material = 'Plastic'
child58.Transparency = 0
child58.Anchored = true
child58.CanCollide = true
child58.FormFactor = 'Plate'
child58.Shape = 'Block'
child58.BottomSurface = 'Smooth'
child58.TopSurface = 'Smooth'
child58.Size = Vector3.new(2, 1.60000002, 20)
child58.CFrame = CFrame.new(4.54901123, 0.879999399, 36.0730324, -5.52251606e-07, -6.10305215e-05, 0.99999994, -7.44830686e-07, 1, 6.1030496e-05, -0.999999881, -7.4476884e-07, -5.50434379e-07)
child59 = Instance.new('Part',child37)
child59.Name = 'Base'
child59.BrickColor = BrickColor.new('Reddish brown')
child59.Material = 'Plastic'
child59.Transparency = 0
child59.Anchored = true
child59.CanCollide = true
child59.FormFactor = 'Plate'
child59.Shape = 'Block'
child59.BottomSurface = 'Smooth'
child59.TopSurface = 'Smooth'
child59.Size = Vector3.new(2, 0.400000006, 8)
child59.CFrame = CFrame.new(-8.31498623, 1.79000175, 37.2420311, -0.24999103, 0.0669545382, -0.965930462, 0.258794188, 0.965932488, -2.3456163e-05, 0.933021963, -0.249983013, -0.258801877)
child60 = Instance.new('Part',child37)
child60.Name = 'Baseplate'
child60.BrickColor = BrickColor.new('Brown')
child60.Material = 'Wood'
child60.Transparency = 0
child60.Anchored = true
child60.CanCollide = true
child60.FormFactor = 'Brick'
child60.Shape = 'Block'
child60.BottomSurface = 'Smooth'
child60.TopSurface = 'Smooth'
child60.Size = Vector3.new(12, 1.20000005, 3)
child60.CFrame = CFrame.new(-8.94898891, 5.88000488, 35.9740334, -5.52251606e-07, -6.10305215e-05, 0.99999994, -7.44830686e-07, 1, 6.1030496e-05, -0.999999881, -7.4476884e-07, -5.50434379e-07)
child61 = Instance.new('Part',child37)
child61.Name = 'Baseplate'
child61.BrickColor = BrickColor.new('Brown')
child61.Material = 'Wood'
child61.Transparency = 0
child61.Anchored = true
child61.CanCollide = true
child61.FormFactor = 'Brick'
child61.Shape = 'Block'
child61.BottomSurface = 'Smooth'
child61.TopSurface = 'Smooth'
child61.Size = Vector3.new(8, 1.20000005, 2)
child61.CFrame = CFrame.new(-13.4519949, 8.27996159, 36.0740318, -5.52251606e-07, -6.10305215e-05, 0.99999994, -7.44830686e-07, 1, 6.1030496e-05, -0.999999881, -7.4476884e-07, -5.50434379e-07)
child62 = Instance.new('Part',child37)
child62.Name = 'Baseplate'
child62.BrickColor = BrickColor.new('Brown')
child62.Material = 'Wood'
child62.Transparency = 0
child62.Anchored = true
child62.CanCollide = true
child62.FormFactor = 'Brick'
child62.Shape = 'Block'
child62.BottomSurface = 'Smooth'
child62.TopSurface = 'Smooth'
child62.Size = Vector3.new(4, 1.20000005, 3)
child62.CFrame = CFrame.new(-17.9459839, 8.27996159, 35.8710327, -5.52251606e-07, -6.10305215e-05, 0.99999994, -7.44830686e-07, 1, 6.1030496e-05, -0.999999881, -7.4476884e-07, -5.50434379e-07)
child63 = Instance.new('Part',child37)
child63.Name = 'Base'
child63.BrickColor = BrickColor.new('Brown')
child63.Material = 'Plastic'
child63.Transparency = 0
child63.Anchored = true
child63.CanCollide = true
child63.FormFactor = 'Plate'
child63.Shape = 'Block'
child63.BottomSurface = 'Smooth'
child63.TopSurface = 'Smooth'
child63.Size = Vector3.new(2, 2.79999995, 7)
child63.CFrame = CFrame.new(-21.9509888, 8.4799614, 36.0740318, 6.08907794e-05, 6.10307397e-05, 1, 7.46867954e-07, -1, 6.10306888e-05, 0.99999994, 7.4314994e-07, -6.08889604e-05)
child64 = Instance.new('Part',child37)
child64.Name = 'Baseplate'
child64.BrickColor = BrickColor.new('Brown')
child64.Material = 'Wood'
child64.Transparency = 0
child64.Anchored = true
child64.CanCollide = true
child64.FormFactor = 'Brick'
child64.Shape = 'Block'
child64.BottomSurface = 'Smooth'
child64.TopSurface = 'Smooth'
child64.Size = Vector3.new(6, 1.20000005, 2)
child64.CFrame = CFrame.new(-15.4509888, 8.27996159, 36.0740318, -5.52251606e-07, -6.10305215e-05, 0.99999994, -7.44830686e-07, 1, 6.1030496e-05, -0.999999881, -7.4476884e-07, -5.50434379e-07)
child65 = Instance.new('Part',child37)
child65.Name = 'Baseplate'
child65.BrickColor = BrickColor.new('Brown')
child65.Material = 'Wood'
child65.Transparency = 0
child65.Anchored = true
child65.CanCollide = true
child65.FormFactor = 'Brick'
child65.Shape = 'Block'
child65.BottomSurface = 'Smooth'
child65.TopSurface = 'Smooth'
child65.Size = Vector3.new(10, 1.20000005, 2)
child65.CFrame = CFrame.new(-11.4509878, 7.08000565, 36.0740318, -5.52251606e-07, -6.10305215e-05, 0.99999994, -7.44830686e-07, 1, 6.1030496e-05, -0.999999881, -7.4476884e-07, -5.50434379e-07)
child66 = Instance.new('Part',child37)
child66.Name = 'Base'
child66.BrickColor = BrickColor.new('Brown')
child66.Material = 'Plastic'
child66.Transparency = 0
child66.Anchored = true
child66.CanCollide = true
child66.FormFactor = 'Plate'
child66.Shape = 'Block'
child66.BottomSurface = 'Smooth'
child66.TopSurface = 'Smooth'
child66.Size = Vector3.new(2, 1.60000002, 6)
child66.CFrame = CFrame.new(-16.568985, 2.95701051, 36.006031, 0.00146577612, -0.341878146, -0.939743161, 0.00837778859, -0.939706981, 0.341878086, -0.99996376, -0.00837408472, 0.00148678361)
child67 = Instance.new('Part',child37)
child67.Name = 'Base'
child67.BrickColor = BrickColor.new('Brown')
child67.Material = 'Plastic'
child67.Transparency = 0
child67.Anchored = true
child67.CanCollide = true
child67.FormFactor = 'Plate'
child67.Shape = 'Block'
child67.BottomSurface = 'Smooth'
child67.TopSurface = 'Smooth'
child67.Size = Vector3.new(2, 1.60000002, 10)
child67.CFrame = CFrame.new(-9.56498623, 1.46600032, 36.006031, 0.000196120964, -0.121750787, -0.992560685, 0.00300684362, -0.992556214, 0.121750809, -0.999995351, -0.00300835259, 0.00017142616)
child68 = Instance.new('Part',child37)
child68.Name = 'Base'
child68.BrickColor = BrickColor.new('Brown')
child68.Material = 'Plastic'
child68.Transparency = 0
child68.Anchored = true
child68.CanCollide = true
child68.FormFactor = 'Plate'
child68.Shape = 'Block'
child68.BottomSurface = 'Smooth'
child68.TopSurface = 'Smooth'
child68.Size = Vector3.new(2, 3.20000005, 7)
child68.CFrame = CFrame.new(-20.9339905, 6.3880043, 36.0340309, 0.00518762087, -0.615403593, -0.788195133, 0.0150614446, -0.788068175, 0.615403652, -0.999872983, -0.0150638362, 0.00518066622)
child69 = Instance.new('Part',child37)
child69.Name = 'Base'
child69.BrickColor = BrickColor.new('Reddish brown')
child69.Material = 'Plastic'
child69.Transparency = 0
child69.Anchored = true
child69.CanCollide = true
child69.FormFactor = 'Plate'
child69.Shape = 'Block'
child69.BottomSurface = 'Smooth'
child69.TopSurface = 'Smooth'
child69.Size = Vector3.new(2, 0.400000006, 8)
child69.CFrame = CFrame.new(-8.31599331, 1.79000175, 34.7699852, -0.249988779, 0.0669235513, 0.965931177, 0.258782297, 0.965933979, 5.42954658e-05, -0.933022082, 0.249979034, -0.258791625)
child70 = Instance.new('Part',child37)
child70.Name = 'Base'
child70.BrickColor = BrickColor.new('Reddish brown')
child70.Material = 'Plastic'
child70.Transparency = 0
child70.Anchored = true
child70.CanCollide = true
child70.FormFactor = 'Plate'
child70.Shape = 'Block'
child70.BottomSurface = 'Smooth'
child70.TopSurface = 'Smooth'
child70.Size = Vector3.new(2, 0.400000006, 7)
child70.CFrame = CFrame.new(18.903017, 2.59901094, 32.7799606, 0.224128932, -0.129437491, 0.965924025, 0.499982566, 0.866027415, 3.07771188e-05, -0.836520791, 0.482937336, 0.258820236)
child71 = Instance.new('Part',child37)
child71.Name = 'Base'
child71.BrickColor = BrickColor.new('Reddish brown')
child71.Material = 'Plastic'
child71.Transparency = 0
child71.Anchored = true
child71.CanCollide = true
child71.FormFactor = 'Plate'
child71.Shape = 'Block'
child71.BottomSurface = 'Smooth'
child71.TopSurface = 'Smooth'
child71.Size = Vector3.new(2, 0.400000006, 22)
child71.CFrame = CFrame.new(4.54901123, 1.78000247, 34.0729561, -3.91261492e-05, -6.51865339e-05, 1, 0.258833706, 0.965921283, 7.31979162e-05, -0.965921223, 0.258833706, -2.0905054e-05)
child72 = Instance.new('Part',child37)
child72.Name = 'Baseplate'
child72.BrickColor = BrickColor.new('Brown')
child72.Material = 'Wood'
child72.Transparency = 0
child72.Anchored = true
child72.CanCollide = true
child72.FormFactor = 'Brick'
child72.Shape = 'Block'
child72.BottomSurface = 'Smooth'
child72.TopSurface = 'Smooth'
child72.Size = Vector3.new(10, 1.20000005, 4)
child72.CFrame = CFrame.new(20.5490131, 5.88100433, 36.0730324, -5.52251606e-07, -6.10305215e-05, 0.99999994, -7.44830686e-07, 1, 6.1030496e-05, -0.999999881, -7.4476884e-07, -5.50434379e-07)
child73 = Instance.new('Part',child37)
child73.Name = 'Base'
child73.BrickColor = BrickColor.new('Reddish brown')
child73.Material = 'Plastic'
child73.Transparency = 0
child73.Anchored = true
child73.CanCollide = true
child73.FormFactor = 'Plate'
child73.Shape = 'Block'
child73.BottomSurface = 'Smooth'
child73.TopSurface = 'Smooth'
child73.Size = Vector3.new(1, 0.400000006, 6)
child73.CFrame = CFrame.new(19.3050098, 3.12801051, 40.3070335, 0.183050632, 0.183071405, 0.965907514, 0.707057357, -0.707156241, 3.39155195e-05, 0.683053613, 0.682945788, -0.258887351)
child74 = Instance.new('Part',child37)
child74.Name = 'Base'
child74.BrickColor = BrickColor.new('Brown')
child74.Material = 'Plastic'
child74.Transparency = 0
child74.Anchored = true
child74.CanCollide = true
child74.FormFactor = 'Plate'
child74.Shape = 'Block'
child74.BottomSurface = 'Smooth'
child74.TopSurface = 'Smooth'
child74.Size = Vector3.new(1, 0.800000012, 7)
child74.CFrame = CFrame.new(19.5290089, 8.94195843, 41.7210312, -0.258801788, -6.48043933e-05, 0.965930104, -1.34359561e-05, 1, 6.34901517e-05, -0.965930045, 3.45326953e-06, -0.258801758)
child75 = Instance.new('SpecialMesh',child74)
child75.Name = 'Mesh'
child75.MeshId = ''
child75.MeshType = 'Wedge'
child75.TextureId = ''
child75.Offset = Vector3.new(0, 0, 0)
child75.Scale = Vector3.new(1, 1, 1)
child76 = Instance.new('Part',child37)
child76.Name = 'Base'
child76.BrickColor = BrickColor.new('Brown')
child76.Material = 'Plastic'
child76.Transparency = 0
child76.Anchored = true
child76.CanCollide = true
child76.FormFactor = 'Plate'
child76.Shape = 'Block'
child76.BottomSurface = 'Smooth'
child76.TopSurface = 'Smooth'
child76.Size = Vector3.new(1, 4.4000001, 7)
child76.CFrame = CFrame.new(19.5300159, 6.34200478, 41.7210312, 0.258837998, 6.4802327e-05, 0.965920746, 1.34351576e-05, -1, 6.34884345e-05, 0.965920687, -3.45592889e-06, -0.258837998)
child77 = Instance.new('Part',child37)
child77.Name = 'Base'
child77.BrickColor = BrickColor.new('Reddish brown')
child77.Material = 'Plastic'
child77.Transparency = 0
child77.Anchored = true
child77.CanCollide = true
child77.FormFactor = 'Plate'
child77.Shape = 'Block'
child77.BottomSurface = 'Smooth'
child77.TopSurface = 'Smooth'
child77.Size = Vector3.new(2, 0.400000006, 8)
child77.CFrame = CFrame.new(18.3490162, 1.78100193, 37.3100319, 0.249970227, -0.0669887811, -0.965933442, 0.258799285, 0.965931118, -1.4951198e-05, 0.933026135, -0.249979138, 0.258790642)
child78 = Instance.new('Part',child37)
child78.Name = 'Base'
child78.BrickColor = BrickColor.new('Reddish brown')
child78.Material = 'Plastic'
child78.Transparency = 0
child78.Anchored = true
child78.CanCollide = true
child78.FormFactor = 'Plate'
child78.Shape = 'Block'
child78.BottomSurface = 'Smooth'
child78.TopSurface = 'Smooth'
child78.Size = Vector3.new(2, 0.400000006, 8)
child78.CFrame = CFrame.new(18.3480091, 1.78100193, 34.8369904, 0.249996543, -0.0670126006, 0.965924859, 0.258829474, 0.965922832, 2.30005426e-05, -0.93301034, 0.250004023, 0.258822232)
child79 = Instance.new('Part',child37)
child79.Name = 'Base'
child79.BrickColor = BrickColor.new('Reddish brown')
child79.Material = 'Plastic'
child79.Transparency = 0
child79.Anchored = true
child79.CanCollide = true
child79.FormFactor = 'Plate'
child79.Shape = 'Block'
child79.BottomSurface = 'Smooth'
child79.TopSurface = 'Smooth'
child79.Size = Vector3.new(1, 0.400000006, 9)
child79.CFrame = CFrame.new(19.330019, 2.04901028, 38.0960312, 0.224159583, 0.129514024, 0.96590817, 0.499997556, -0.866026819, 8.63202295e-05, 0.836513519, 0.482932359, -0.258884907)
child80 = Instance.new('Part',child37)
child80.Name = 'Base'
child80.BrickColor = BrickColor.new('Reddish brown')
child80.Material = 'Plastic'
child80.Transparency = 0
child80.Anchored = true
child80.CanCollide = true
child80.FormFactor = 'Plate'
child80.Shape = 'Block'
child80.BottomSurface = 'Smooth'
child80.TopSurface = 'Smooth'
child80.Size = Vector3.new(1, 0.400000006, 9)
child80.CFrame = CFrame.new(19.5640125, 1.99500692, 34.1819649, -0.224077791, 0.12942414, 0.965939224, -0.499996364, -0.866025984, 4.83028925e-05, 0.836534441, -0.482955217, 0.258769155)
child81 = Instance.new('Part',child37)
child81.Name = 'Base'
child81.BrickColor = BrickColor.new('Brown')
child81.Material = 'Plastic'
child81.Transparency = 0
child81.Anchored = true
child81.CanCollide = true
child81.FormFactor = 'Plate'
child81.Shape = 'Block'
child81.BottomSurface = 'Smooth'
child81.TopSurface = 'Smooth'
child81.Size = Vector3.new(2, 1.60000002, 10)
child81.CFrame = CFrame.new(19.5970173, 1.45700049, 36.0740318, -0.000137225594, 0.12187206, 0.992545903, 0.00295080268, -0.992541432, 0.121871933, 0.999995589, 0.00294553093, -0.000223413706)
child82 = Instance.new('Part',child37)
child82.Name = 'Base'
child82.BrickColor = BrickColor.new('Reddish brown')
child82.Material = 'Plastic'
child82.Transparency = 0
child82.Anchored = true
child82.CanCollide = true
child82.FormFactor = 'Plate'
child82.Shape = 'Block'
child82.BottomSurface = 'Smooth'
child82.TopSurface = 'Smooth'
child82.Size = Vector3.new(2, 0.400000006, 7)
child82.CFrame = CFrame.new(19.9480152, 3.79901075, 40.9920311, 0.183050632, 0.183071405, 0.965907514, 0.707057357, -0.707156241, 3.39155195e-05, 0.683053613, 0.682945788, -0.258887351)
child83 = Instance.new('Part',child37)
child83.Name = 'Base'
child83.BrickColor = BrickColor.new('Reddish brown')
child83.Material = 'Plastic'
child83.Transparency = 0
child83.Anchored = true
child83.CanCollide = true
child83.FormFactor = 'Plate'
child83.Shape = 'Block'
child83.BottomSurface = 'Smooth'
child83.TopSurface = 'Smooth'
child83.Size = Vector3.new(2, 0.400000006, 7)
child83.CFrame = CFrame.new(18.903017, 2.59901094, 39.3660316, 0.224121422, -0.129442468, -0.965926647, 0.499996722, 0.866027296, -4.21861332e-05, 0.836524189, -0.482950658, 0.258816063)
child84 = Instance.new('Part',child37)
child84.Name = 'Base'
child84.BrickColor = BrickColor.new('Reddish brown')
child84.Material = 'Plastic'
child84.Transparency = 0
child84.Anchored = true
child84.CanCollide = true
child84.FormFactor = 'Plate'
child84.Shape = 'Block'
child84.BottomSurface = 'Smooth'
child84.TopSurface = 'Smooth'
child84.Size = Vector3.new(2, 0.400000006, 7)
child84.CFrame = CFrame.new(-15.5679932, 3.80801153, 33.3029671, -0.353598744, -0.353521794, -0.866019785, 0.707144916, -0.707068622, -9.40003811e-05, -0.612302125, -0.612434745, 0.500009656)
child85 = Instance.new('Part',child37)
child85.Name = 'Base'
child85.BrickColor = BrickColor.new('Reddish brown')
child85.Material = 'Plastic'
child85.Transparency = 0
child85.Anchored = true
child85.CanCollide = true
child85.FormFactor = 'Plate'
child85.Shape = 'Block'
child85.BottomSurface = 'Smooth'
child85.TopSurface = 'Smooth'
child85.Size = Vector3.new(1, 0.400000006, 7)
child85.CFrame = CFrame.new(-15.0729818, 3.20401073, 33.9769554, -0.433005452, -0.249953955, -0.866041541, 0.500005662, -0.866021335, -4.57541355e-05, -0.750000238, -0.433045805, 0.499970734)
child86 = Instance.new('Part',child37)
child86.Name = 'Base'
child86.BrickColor = BrickColor.new('Reddish brown')
child86.Material = 'Plastic'
child86.Transparency = 0
child86.Anchored = true
child86.CanCollide = true
child86.FormFactor = 'Plate'
child86.Shape = 'Block'
child86.BottomSurface = 'Smooth'
child86.TopSurface = 'Smooth'
child86.Size = Vector3.new(1, 0.400000006, 9)
child86.CFrame = CFrame.new(-9.29699612, 2.0580101, 33.9839516, -0.224154428, -0.129390076, -0.965925992, 0.500037491, -0.866003752, -3.45175904e-05, -0.836490989, -0.483006954, 0.258818477)
child87 = Instance.new('Part',child37)
child87.Name = 'Base'
child87.BrickColor = BrickColor.new('Reddish brown')
child87.Material = 'Plastic'
child87.Transparency = 0
child87.Anchored = true
child87.CanCollide = true
child87.FormFactor = 'Plate'
child87.Shape = 'Block'
child87.BottomSurface = 'Smooth'
child87.TopSurface = 'Smooth'
child87.Size = Vector3.new(2, 0.400000006, 5)
child87.CFrame = CFrame.new(-13.6569967, 2.60801053, 34.4279671, -0.433001161, 0.249940202, 0.866048455, 0.499943137, 0.86605823, 1.52213797e-05, -0.750044465, 0.432981521, -0.499960124)
child88 = Instance.new('Part',child37)
child88.Name = 'Base'
child88.BrickColor = BrickColor.new('Brown')
child88.Material = 'Plastic'
child88.Transparency = 0
child88.Anchored = true
child88.CanCollide = true
child88.FormFactor = 'Plate'
child88.Shape = 'Block'
child88.BottomSurface = 'Smooth'
child88.TopSurface = 'Smooth'
child88.Size = Vector3.new(1, 5.5999999, 9)
child88.CFrame = CFrame.new(-16.6109924, 6.95200539, 33.4959526, -0.500026941, 5.29192548e-05, -0.866009831, 3.17803024e-05, -1, -7.94566731e-05, -0.866009772, -6.72525275e-05, 0.500026882)
child89 = Instance.new('Part',child37)
child89.Name = 'Base'
child89.BrickColor = BrickColor.new('Reddish brown')
child89.Material = 'Plastic'
child89.Transparency = 0
child89.Anchored = true
child89.CanCollide = true
child89.FormFactor = 'Plate'
child89.Shape = 'Block'
child89.BottomSurface = 'Smooth'
child89.TopSurface = 'Smooth'
child89.Size = Vector3.new(2, 0.400000006, 7)
child89.CFrame = CFrame.new(-8.86999416, 2.60801053, 32.7139587, -0.22415033, 0.129382819, 0.965927899, 0.49996978, 0.866042793, 1.79473227e-05, -0.836532593, 0.482938766, -0.258811295)
child90 = Instance.new('Part',child37)
child90.Name = 'Base'
child90.BrickColor = BrickColor.new('Reddish brown')
child90.Material = 'Plastic'
child90.Transparency = 0
child90.Anchored = true
child90.CanCollide = true
child90.FormFactor = 'Plate'
child90.Shape = 'Block'
child90.BottomSurface = 'Smooth'
child90.TopSurface = 'Smooth'
child90.Size = Vector3.new(1, 0.400000006, 7)
child90.CFrame = CFrame.new(19.7750111, 3.22801042, 31.8689556, -0.18294473, 0.183036938, 0.965933979, -0.707094967, -0.707107186, 7.06054707e-05, 0.68303144, -0.682994008, 0.258788288)
child91 = Instance.new('Part',child37)
child91.Name = 'Base'
child91.BrickColor = BrickColor.new('Reddish brown')
child91.Material = 'Plastic'
child91.Transparency = 0
child91.Anchored = true
child91.CanCollide = true
child91.FormFactor = 'Plate'
